39626
60551
65525
66476
66476
1km:
211,593,1124,1709,3936,2094,2811,3889,3030,4482,5078,8603,3910,3355,4472,3325,633,621,5514,5421
2km:
1737,3134,3874,8045,10592,10357,12064,15503,17125,15233,20043,22750,15127,14616,11639,9956,4556,5076,21113,18613
3km:
4983,7175,11462,14281,18833,19744,24707,29904,28088,28051,36753,30824,27585,34733,24699,18578,14411,8816,39611,35506
4km:
12184,16588,22631,28193,33703,35236,38828,40188,37841,43854,44173,40299,46542,51380,36912,29170,21399,16860,51078,50693
5km:
19268,25182,32395,40719,51500,46895,47129,45868,44473,54615,51024,46068,56748,60700,52094,38600,28984,21934,57807,58323
max:3699
sum:65073376
avg_int978
avg_double978.9002948432517
